
8 lines of 8 "main" color values. Values represents poetic parts of rhyming text lines. The colors reflects induced feelings:
1. RGB(255,0,255),RGB(0,255,255),RGB(255,255,0),RGB(128,56,150),RGB(32,254,199),RGB(45,128,0),RGB(255,128,0),RGB(0,196,128)
2. RGB(134,54,213),RGB(42,0,155),RGB(200,4,192),RGB(156,56,93),RGB(0,0,54),RGB(0,128,45),RGB(0,255,124),RGB(128,128,255)
3. RGB(56,242,45),RGB(1,45,200),RGB(56,100,59),RGB(255,45,0),RGB(10,255,65),RGB(255,128,96),RGB(10,20,30),RGB(56,150,200)
4. RGB(101,202,255),RGB(0,100,0),RGB(105,56,199),RGB(128,128,128),RGB(128,0,128),RGB(128,56,100),RGB(255,255,255),RGB(255,128,128)
5. RGB(192,0,255),RGB(255,128,0),RGB(128,128,255),RGB(0,255,128),RGB(255,0,0),RGB(255,255,255),RGB(0,128,128),RGB(128,0,0)
6. RGB(255,196,106),RGB(0,255,102),RGB(153,153,255),RGB(255,192,203),RGB(102,255,51),RGB(255,128,128),RGB(255,255,0),RGB(204,255,204)
7. RGB(51,204,102),RGB(255,153,153),RGB(255,51,153),RGB(255,255,255),RGB(0,255,255),RGB(153,102,255),RGB(0,204,255),RGB(255,0,255)
8. RGB(255,153,51),RGB(204,204,255),RGB(255,0,204),RGB(255,255,51),RGB(204,255,255),RGB(204,255,204),RGB(255,255,204),RGB(255,255,255)


Before the line 1, the line could have been this line:
- RGB(101,202,255),RGB(0,100,0),RGB(105,56,199),RGB(128,128,128),RGB(128,0,128),RGB(128,56,100),RGB(255,255,255),RGB(255,128,128)


After the line 8, the line could be this line:
- RGB(134,54,213),RGB(42,0,155),RGB(200,4,192),RGB(156,56,93),RGB(0,0,54),RGB(0,128,45),RGB(0,255,124),RGB(128,128,255)


4 types of color threads runs simultaneously at the same time:
- main: the visible value
- attacking: prepares 1-4 next visible values
- sustaining: combines 1-4 previous important values
- releasing: tries to forget 1-16 previous values


Imagine 8 lines of 8 "attacking" color values:
1. RGB(128,200,255),RGB(200,200,0),RGB(0,255,200),RGB(54,128,0),RGB(255,0,255),RGB(128,255,128),RGB(56,56,56),RGB(0,128,255)
2. RGB(128,34,202),RGB(200,56,100),RGB(0,54,200),RGB(54,0,255),RGB(255,200,128),RGB(128,255,0),RGB(56,56,200),RGB(128,128,128)
3. RGB(56,56,255),RGB(200,100,100),RGB(0,128,255),RGB(54,200,0),RGB(255,128,255),RGB(128,0,0),RGB(56,56,128),RGB(0,56,255)
4. RGB(255,128,0),RGB(100,200,200),RGB(0,255,100),RGB(56,56,0),RGB(255,56,128),RGB(255,200,0),RGB(100,56,255),RGB(128,128,0)
5. RGB(56,200,128),RGB(0,56,100),RGB(255,200,255),RGB(100,100,255),RGB(56,0,128),RGB(200,200,128),RGB(56,200,0),RGB(255,128,200)
6. RGB(200,35,0),RGB(255,56,255),RGB(0,0,128),RGB(56,100,255),RGB(200,128,56),RGB(56,56,200),RGB(0,0,255),RGB(128,128,255)
7. RGB(128,255,128),RGB(100,100,100),RGB(0,255,56),RGB(255,200,128),RGB(56,255,100),RGB(128,128,0),RGB(200,56,128),RGB(255,56,255)
8. RGB(0,56,56),RGB(128,0,255),RGB(200,128,0),RGB(128,0,100),RGB(0,255,128),RGB(255,0,128),RGB(100,100,255),RGB(56,200,0)


Imagine 8 lines of 8 "sustaining" color values:
1. RGB(255,255,255),RGB(255,255,255),RGB(255,255,255),RGB(255,255,255),RGB(255,255,255),RGB(255,255,255),RGB(255,255,255),RGB(255,255,255)
2. RGB(255,255,255),RGB(200,200,200),RGB(200,200,200),RGB(200,200,200),RGB(200,200,200),RGB(200,200,200),RGB(200,200,200),RGB(255,255,255)
3. RGB(255,255,255),RGB(200,200,200),RGB(128,128,128),RGB(128,128,128),RGB(128,128,128),RGB(200,200,200),RGB(200,200,200),RGB(255,255,255)
4. RGB(255,255,255),RGB(200,200,200),RGB(128,128,128),RGB(0,0,0),RGB(128,128,128),RGB(200,200,200),RGB(200,200,200),RGB(255,255,255)
5. RGB(255,255,255),RGB(200,200,200),RGB(128,128,128),RGB(0,0,0),RGB(128,128,128),RGB(200,200,200),RGB(200,200,200),RGB(255,255,255)
6. RGB(255,255,255),RGB(200,200,200),RGB(200,200,200),RGB(200,200,200),RGB(200,200,200),RGB(200,200,200),RGB(200,200,200),RGB(255,255,255)
7. RGB(255,255,255),RGB(200,200,200),RGB(200,200,200),RGB(200,200,200),RGB(200,200,200),RGB(200,200,200),RGB(200,200,200),RGB(255,255,255)
8. RGB(255,255,255),RGB(255,255,255),RGB(255,255,255),RGB(255,255,255),RGB(255,255,255),RGB(255,255,255),RGB(255,255,255),RGB(255,255,255)


Imagine 8 lines of 8 "releasing" color values:
1. RGB(255,255,255),RGB(30,30,30),RGB(255,255,255),RGB(0,0,0),RGB(255,255,255),RGB(80,80,80),RGB(255,255,255),RGB(0,0,0)
2. RGB(255,255,255),RGB(30,30,30),RGB(136,136,136),RGB(112,112,112),RGB(136,136,136),RGB(30,30,30),RGB(255,255,255),RGB(255,240,220)
3. RGB(255,255,255),RGB(136,136,136),RGB(136,136,136),RGB(30,30,30),RGB(200,200,200),RGB(136,136,136),RGB(200,200,200),RGB(255,255,255)
4. RGB(255,255,255),RGB(136,136,136),RGB(0,0,0),RGB(0,0,0),RGB(0,0,0),RGB(136,136,136),RGB(200,200,200),RGB(255,255,255)
5. RGB(255,255,255),RGB(136,136,136),RGB(0,0,0),RGB(0,0,0),RGB(0,0,0),RGB(136,136,136),RGB(200,200,200),RGB(255,255,255)
6. RGB(255,255,255),RGB(136,136,136),RGB(136,136,136),RGB(30,30,30),RGB(200,200,200),RGB(136,136,136),RGB(200,200,200),RGB(255,255,255)
7. RGB(255,255,255),RGB(136,136,136),RGB(136,136,136),RGB(112,112,112),RGB(136,136,136),RGB(30,30,30),RGB(255,255,255),RGB(255,240,220)
8. RGB(255,255,255),RGB(30,30,30),RGB(255,255,255),RGB(0,0,0),RGB(255,255,255),RGB(80,80,80),RGB(255,255,255),RGB(0,0,0)